EIS Extracted Metrics
========================================

Rs_measured: 5.171804e+01
Rct_measured: 7.007675e+02
omega_max: 6.283185e-02
f_max_Hz: 1.000000e-02
Cdl_eff: 2.271152e-02
sigma_input: 8.784772e+01
sigma_fit: 8.784751e+01
phase_max_deg: 4.107455e+01
f_transition_Hz: 1.000000e-02
