EIS Extracted Metrics
========================================

Rs_measured: 5.036800e+01
Rct_measured: 1.550548e+02
omega_max: 7.424097e+03
f_max_Hz: 1.181582e+03
Cdl_eff: 8.687027e-07
sigma_input: 2.777989e+01
sigma_fit: 2.778597e+01
phase_max_deg: 3.418876e+01
f_transition_Hz: 1.181582e+03
