EIS Extracted Metrics
========================================

Rs_measured: 5.033195e+01
Rct_measured: 1.621598e+03
omega_max: 5.684622e+02
f_max_Hz: 9.047357e+01
Cdl_eff: 1.084814e-06
sigma_input: 8.784772e+02
sigma_fit: 8.798261e+02
phase_max_deg: 6.392637e+01
f_transition_Hz: 9.047357e+01
