EIS Extracted Metrics
========================================

Rs_measured: 5.367999e+01
Rct_measured: 1.550548e+03
omega_max: 7.424097e+03
f_max_Hz: 1.181582e+03
Cdl_eff: 8.687027e-08
sigma_input: 2.777989e+02
sigma_fit: 2.778597e+02
phase_max_deg: 6.385730e+01
f_transition_Hz: 1.181582e+03
