EIS Extracted Metrics
========================================

Rs_measured: 5.069770e+01
Rct_measured: 1.637131e+01
omega_max: 7.676025e+04
f_max_Hz: 1.221677e+04
Cdl_eff: 7.957567e-07
sigma_input: 2.777989e+01
sigma_fit: 2.778011e+01
phase_max_deg: 3.201478e+01
f_transition_Hz: 1.221677e+04
