EIS Extracted Metrics
========================================

Rs_measured: 5.698480e+01
Rct_measured: 1.642073e+02
omega_max: 7.676025e+04
f_max_Hz: 1.221677e+04
Cdl_eff: 7.933615e-08
sigma_input: 8.784772e+01
sigma_fit: 8.784907e+01
phase_max_deg: 3.417717e+01
f_transition_Hz: 1.221677e+04
