EIS Extracted Metrics
========================================

Rs_measured: 5.037123e+01
Rct_measured: 2.018810e+04
omega_max: 6.283185e-02
f_max_Hz: 1.000000e-02
Cdl_eff: 7.883600e-04
sigma_input: 2.500190e+03
sigma_fit: 2.498635e+03
phase_max_deg: 4.450657e+01
f_transition_Hz: 1.000000e-02
