EIS Extracted Metrics
========================================

Rs_measured: 5.372310e+01
Rct_measured: 1.513575e+03
omega_max: 7.424097e+03
f_max_Hz: 1.181582e+03
Cdl_eff: 8.899232e-08
sigma_input: 2.500190e+03
sigma_fit: 2.500371e+03
phase_max_deg: 6.297084e+01
f_transition_Hz: 1.181582e+03
