EIS Extracted Metrics
========================================

Rs_measured: 5.372048e+01
Rct_measured: 1.746380e+03
omega_max: 5.877523e+03
f_max_Hz: 9.354369e+02
Cdl_eff: 9.742421e-08
sigma_input: 7.906295e+03
sigma_fit: 7.905537e+03
phase_max_deg: 6.315026e+01
f_transition_Hz: 9.354369e+02
