EIS Extracted Metrics
========================================

Rs_measured: 5.036798e+01
Rct_measured: 1.545209e+02
omega_max: 7.424097e+03
f_max_Hz: 1.181582e+03
Cdl_eff: 8.717044e-07
sigma_input: 8.784772e+01
sigma_fit: 8.786115e+01
phase_max_deg: 3.424302e+01
f_transition_Hz: 1.181582e+03
