EIS Extracted Metrics
========================================

Rs_measured: 6.134071e+01
Rct_measured: 2.226634e+03
omega_max: 6.283185e-02
f_max_Hz: 1.000000e-02
Cdl_eff: 7.147782e-03
sigma_input: 2.777989e+02
sigma_fit: 2.777970e+02
phase_max_deg: 4.333388e+01
f_transition_Hz: 1.000000e-02
