EIS Extracted Metrics
========================================

Rs_measured: 5.111671e+01
Rct_measured: 7.019090e+02
omega_max: 6.283185e-02
f_max_Hz: 1.000000e-02
Cdl_eff: 2.267458e-02
sigma_input: 8.784772e+01
sigma_fit: 8.784554e+01
phase_max_deg: 4.107640e+01
f_transition_Hz: 1.000000e-02
