EIS Extracted Metrics
========================================

Rs_measured: 5.731125e+01
Rct_measured: 1.296594e+02
omega_max: 9.695845e+04
f_max_Hz: 1.543142e+04
Cdl_eff: 7.954453e-08
sigma_input: 7.906295e+02
sigma_fit: 7.906220e+02
phase_max_deg: 4.325990e+01
f_transition_Hz: 1.543142e+04
