EIS Extracted Metrics
========================================

Rs_measured: 5.372393e+01
Rct_measured: 1.528329e+03
omega_max: 7.424097e+03
f_max_Hz: 1.181582e+03
Cdl_eff: 8.813321e-08
sigma_input: 7.906295e+02
sigma_fit: 7.907383e+02
phase_max_deg: 6.291356e+01
f_transition_Hz: 1.181582e+03
