EIS Extracted Metrics
========================================

Rs_measured: 5.165422e+01
Rct_measured: 2.216293e+02
omega_max: 6.283185e-02
f_max_Hz: 1.000000e-02
Cdl_eff: 7.181133e-02
sigma_input: 2.777989e+01
sigma_fit: 2.777987e+01
phase_max_deg: 3.429926e+01
f_transition_Hz: 1.000000e-02
