EIS Extracted Metrics
========================================

Rs_measured: 6.078463e+01
Rct_measured: 2.002821e+03
omega_max: 6.283185e-02
f_max_Hz: 1.000000e-02
Cdl_eff: 7.946540e-03
sigma_input: 2.500190e+02
sigma_fit: 2.500175e+02
phase_max_deg: 4.319888e+01
f_transition_Hz: 1.000000e-02
