EIS Extracted Metrics
========================================

Rs_measured: 6.116714e+01
Rct_measured: 7.019090e+03
omega_max: 6.283185e-02
f_max_Hz: 1.000000e-02
Cdl_eff: 2.267458e-03
sigma_input: 8.784772e+02
sigma_fit: 8.784554e+02
phase_max_deg: 4.446444e+01
f_transition_Hz: 1.000000e-02
